5
6
6
6
6
6
6
6
6
6
6
6
6
6
6
6
6
6
6
6
6
6
6
6
6
6
6
6
6
6
6
6
6
6
5
6
6
6
5
6
6
6
5
6
6
6
5
6
6
6
5
6
6
6
6
6
6
6
6
6
6
6
6
6
6
6
6
6
6
6
6
6
6
6
6
6
6
6
6
6
6
6
6
6
6
6
6
6
6
6
6
6
6
6
6
6
6
6
6
6
6
6
6
6
6
6
6
6
6
6
6
6
6
6
5
6
6
6
5
6
6
6
5
6
6
6
5
6
6
6
5
6
6
6
6
6
6
6
6
6
6
6
6
6
6
6
6
6
6
6
6
6
6
6
6
6
6
6
6
6
6
5
order 0 1 2 6 7 8 157 158 160 153 151 148 146 143 141 139 155 156 4 161 159 154 152 150 149 147 145 144 142 140 138 137 136 5 3 132 131 11 10 127 126 14 13 122 121 17 16 117 116 20 19 26 135 134 9 22 130 129 12 23 125 124 15 24 120 119 18 25 115 114 21 81 79 133 111 109 107 128 104 102 100 123 97 95 93 118 90 88 86 113 83 82 80 78 112 110 108 106 105 103 101 99 98 96 94 92 91 89 87 85 84 51 50 40 39 77 76 28 27 72 71 31 30 65 64 34 33 58 57 37 36 38 49 47 41 75 74 29 70 68 32 63 61 35 56 54 48 46 45 73 69 67 62 60 55 53 43 42 66 59 52 44
[-1.0;-1.0;-1.0]
[1.0;1.0;1.0]
[-0.993354102953289;-0.9927565945349178;-0.9929888353848099]
[0.9933540990812149;0.9927549842633675;0.9929815139360744]
[0.0;0.0]
[0.9318180084228516;0.4723820090293884]
q 2048
v
161 21 77
249 222 -74
35 227 16
-35 238 15
-113 317 -248
-106 138 -248
-45 281 44
-128 344 65
51 67 39
200 335 -271
-74 249 243
-255 353 -154
-305 49 -219
-487 41 -43
-147 347 17
85 119 -70
-47 323 -190
126 161 -57
-83 284 53
-25 131 -138
-83 189 -201
244 164 79
-380 194 -171
67 227 154
-97 210 334
-80 341 -206
220 335 69
-31 305 -82
134 198 146
-15 296 -211
-112 231 24
-423 230 215
-154 144 172
48 122 -182
118 197 -153
-84 289 186
-358 76 43
-26 184 -151
148 299 -38
-289 58 1241
-16 250 -153
-93 208 -149
105 257 535
189 28 -58
36 211 66
-58 252 -79
81 116 71
245 143 199
-3 150 -166
-147 302 97
-66 354 77
6 315 -320
572 198 301
68 180 111
27 264 -201
139 353 458
-177 380 -121
-161 262 55
98 2 65
206 175 -171
-146 58 -210
-152 312 -349
-471 280 -45
-211 337 264
448 333 95
176 278 343
-208 127 -32
156 272 -53
-19 230 145
-97 296 142
159 5 -85
75 236 26
897 319 161
-99 49 64
211 220 207
-78 128 124
-126 241 69
-300 376 -331
142 -45 218
-511 89 242
175 0 13
-71 144 250
-60 292 -241
-178 312 -243
-54 1 -168
-1 188 -196
0 67 -95
-55 276 -121
-71 274 -332
85 165 -153
280 114 6
178 132 239
-44 86 -32
119 349 67
-171 219 92
-38 321 -556
8 241 84
181 22 -264
-283 204 -29
60 57 20
-137 35 72
-400 64 207
-25 266 77
101 299 97
67 165 -87
115 241 96
-60 134 -106
65 259 55
226 275 110
-39 240 -18
105 249 184
107 301 66
190 95 -441
-57 263 104
-148 232 67
-486 315 1242
197 192 -53
213 277 0
-77 68 -127
-257 6 70
165 321 1038
169 283 -252
-115 381 351
-73 211 -41
519 130 235
14 214 -281
-180 205 -72
-297 29 -128
4 86 91
90 338 24
143 152 -66
-160 326 72
-28 107 408
65 346 -6
-137 187 179
160 55 91
74 327 211
-192 106 -229
-154 240 159
1170 339 -323
148 189 -60
-19 210 -252
141 205 -40
-62 158 5
1100 2 69
137 282 195
11 329 -93
44 230 -207
237 152 71
27 281 -255
-29 34 171
138 227 251
-101 156 95
-84 209 -75
10 162 122
-356 29 -165
-204 266 -102
85 274 -330
75 332 -225
71 126 78
56 210 3
24 243 65
n
1062 0 1142
1125 9 1180
1034 9 1209
1771 476 1477
1734 415 1458
1800 466 1410
851 9 1091
907 9 880
1125 9 868
1886 660 1458
848 600 1948
918 579 1948
878 660 1978
92 600 1142
113 579 1209
72 660 1180
624 600 173
566 579 214
582 660 166
1709 600 380
1653 579 338
1703 660 338
1794 730 1643
673 730 1948
37 730 976
765 730 70
1851 730 482
1362 1572 1830
1425 1582 1793
1344 1633 1793
363 1572 1595
417 1582 1643
392 1633 1566
277 1572 571
248 1582 638
314 1633 590
1224 1572 173
1151 1582 166
1217 1633 214
1895 1572 951
1879 1582 880
1854 1633 957
1197 2039 957
1141 2039 880
1124 2048 951
1474 1950 960
1423 1962 868
1684 1801 868
1224 1950 616
1519 1825 603
1762 1617 616
1576 1612 382
923 2039 868
999 1962 596
1080 1801 348
698 1950 708
776 1825 423
864 1617 195
584 1612 300
845 2039 1072
609 1962 916
398 1801 762
623 1950 1237
376 1825 1074
187 1617 920
200 1612 1219
1014 2039 1209
793 1962 1385
582 1801 1538
1102 1950 1472
871 1825 1656
667 1617 1788
954 1612 1868
1296 1962 1355
1376 1801 1604
1578 1825 1364
1640 1617 1600
1805 1612 1351
1976 1388 868
1998 1146 708
1966 1237 663
1916 976 510
1808 1246 392
1714 969 260
1581 1225 180
1170 1388 70
1024 1146 0
972 1237 16
811 976 16
666 1246 83
510 969 132
393 1225 233
162 1388 590
51 1146 707
50 1237 762
0 976 916
18 1246 1074
17 969 1237
77 1225 1380
345 1388 1710
422 1146 1852
474 1237 1870
605 976 1965
761 1246 1996
915 969 2048
1070 1225 2035
1466 1388 1882
1625 1146 1853
1658 1237 1809
1789 976 1714
1867 1246 1575
1964 969 1444
1999 1225 1293
1443 1072 83
1574 811 178
1287 802 52
1402 540 196
1115 549 113
259 1072 334
390 811 239
181 802 473
353 540 408
186 549 656
132 1072 1538
82 811 1385
240 802 1656
231 540 1472
415 549 1707
1237 1072 2032
1076 811 2032
1382 802 1965
1205 540 1916
1485 549 1815
2048 1072 1132
1998 811 1286
2030 802 974
1928 540 1128
1918 549 829
1656 415 482
1493 207 604
1466 247 510
1255 86 663
1177 223 392
946 98 576
872 267 341
672 247 444
752 86 693
470 223 684
574 98 960
327 267 958
364 247 1180
625 86 1180
529 223 1445
824 98 1432
746 267 1666
1799 361 871
1799 361 1177
1603 170 1024
1568 207 1341
968 247 1700
1049 86 1452
1272 223 1625
t
400 0
450 171
350 171
599 683
649 512
699 683
1998 0
2048 171
1948 171
1598 0
1648 171
1548 171
1199 0
1249 171
1149 171
599 683
699 683
649 853
200 683
300 683
250 853
1798 683
1898 683
1848 853
1399 683
1499 683
1449 853
999 683
1099 683
1049 853
599 683
649 853
549 853
200 683
250 853
150 853
1798 683
1848 853
1748 853
1399 683
1449 853
1349 853
999 683
1049 853
949 853
400 1365
500 1365
450 1536
0 1365
100 1365
50 1536
1598 1365
1698 1365
1648 1536
1199 1365
1299 1365
1249 1536
799 1365
899 1365
849 1536
949 1877
1049 1877
999 2048
899 1707
999 1707
949 1877
849 1536
949 1536
899 1707
949 1877
999 1707
1049 1877
999 1707
1099 1707
1049 1877
899 1707
949 1536
999 1707
949 1536
1049 1536
999 1707
999 1707
1049 1536
1099 1707
1049 1536
1149 1536
1099 1707
849 1536
899 1365
949 1536
899 1365
999 1365
949 1536
949 1536
999 1365
1049 1536
999 1365
1099 1365
1049 1536
1049 1536
1099 1365
1149 1536
1099 1365
1199 1365
1149 1536
1349 1877
1449 1877
1399 2048
1299 1707
1399 1707
1349 1877
1249 1536
1349 1536
1299 1707
1349 1877
1399 1707
1449 1877
1399 1707
1499 1707
1449 1877
1299 1707
1349 1536
1399 1707
1349 1536
1449 1536
1399 1707
1399 1707
1449 1536
1499 1707
1449 1536
1548 1536
1499 1707
1249 1536
1299 1365
1349 1536
1299 1365
1399 1365
1349 1536
1349 1536
1399 1365
1449 1536
1399 1365
1499 1365
1449 1536
1449 1536
1499 1365
1548 1536
1499 1365
1598 1365
1548 1536
1748 1877
1848 1877
1798 2048
1698 1707
1798 1707
1748 1877
1648 1536
1748 1536
1698 1707
1748 1877
1798 1707
1848 1877