add 5
add 6
add 6
add 6
add 6
add 6
add 6
add 6
add 6
add 6
add 6
add 6
add 6
add 6
add 6
add 6
add 6
add 6
add 6
add 6
add 6
add 6
add 6
add 6
add 6
add 6
add 6
add 6
add 6
add 6
add 6
add 6
add 6
add 6
add 5
add 6
add 6
add 6
add 5
add 6
add 6
add 6
add 5
add 6
add 6
add 6
add 5
add 6
add 6
add 6
add 5
add 6
add 6
add 6
add 6
add 6
add 6
add 6
add 6
add 6
add 6
add 6
add 6
add 6
add 6
add 6
add 6
add 6
add 6
add 6
add 6
add 6
add 6
add 6
add 6
add 6
add 6
add 6
add 6
add 6
add 6
add 6
add 6
add 6
add 6
add 6
add 6
add 6
add 6
add 6
add 6
add 6
add 6
add 6
add 6
add 6
add 6
add 6
add 6
add 6
add 6
add 6
add 6
add 6
add 6
add 6
add 6
add 6
add 6
add 6
add 6
add 6
add 6
add 6
add 5
add 6
add 6
add 6
add 5
add 6
add 6
add 6
add 5
add 6
add 6
add 6
add 5
add 6
add 6
add 6
add 5
add 6
add 6
add 6
add 6
add 6
add 6
add 6
add 6
add 6
add 6
add 6
add 6
add 6
add 6
add 6
add 6
add 6
add 6
add 6
add 6
add 6
add 6
add 6
add 6
add 6
add 6
add 6
add 6
add 6
add 6
add 5
order 0 1 2 6 7 8 157 158 160 153 151 148 146 143 141 139 155 156 4 161 159 154 152 150 149 147 145 144 142 140 138 137 136 5 3 132 131 11 10 127 126 14 13 122 121 17 16 117 116 20 19 26 135 134 9 22 130 129 12 23 125 124 15 24 120 119 18 25 115 114 21 81 79 133 111 109 107 128 104 102 100 123 97 95 93 118 90 88 86 113 83 82 80 78 112 110 108 106 105 103 101 99 98 96 94 92 91 89 87 85 84 51 50 40 39 77 76 28 27 72 71 31 30 65 64 34 33 58 57 37 36 38 49 47 41 75 74 29 70 68 32 63 61 35 56 54 48 46 45 73 69 67 62 60 55 53 43 42 66 59 52 44 
BBvMin[-1.0, -1.0, -1.0]
BBvMax[1.0, 1.0, 1.0]
BBnMin[-0.993354102953289, -0.9927565945349178, -0.9929888353848099]
BBnMax[0.9933540990812149, 0.9927549842633675, 0.9929815139360744]
BBtMin[0.0, 0.0, 10000]
BBtMax[0.9318180084228516, 0.4723820090293884, 0]
q 512
v 87 -293 253 
v -107 403 275 
v 443 23 451 
v 57 120 118 
v 471 121 205 
v -296 247 -422 
v 447 125 275 
v -272 112 183 
v 141 254 10 
v -23 97 232 
v -301 346 -399 
v 245 237 -328 
v -441 303 156 
v 373 327 -367 
v -224 146 -377 
v 174 43 42 
v -295 453 -125 
v -365 116 -488 
v -353 264 -208 
v -109 94 170 
v -482 5 -48 
v -421 327 347 
v -322 448 -230 
v 78 296 303 
v 291 312 -171 
v -26 159 266 
v -107 188 155 
v 153 85 408 
v -224 461 -360 
v -231 15 148 
v -157 87 75 
v 468 358 -316 
v 466 210 440 
v -353 295 -433 
v -165 56 -6 
v 87 184 428 
v -131 135 460 
v -172 312 408 
v 405 308 -292 
v -490 8 -415 
v -109 358 426 
v 479 460 288 
v -292 252 237 
v -270 399 -244 
v 498 472 226 
v 275 315 289 
v -255 136 -12 
v 496 131 205 
v 175 13 -462 
v 214 378 -480 
v -460 255 406 
v 383 341 273 
v -287 310 -512 
v -81 404 -217 
v 348 176 10 
v 314 273 -204 
v 133 501 476 
v -237 260 -483 
v -231 115 288 
v -260 174 -327 
v 319 360 -400 
v 405 53 -205 
v 3 287 349 
v -260 506 -306 
v 107 212 -434 
v 119 360 -502 
v 199 45 16 
v -388 125 152 
v 426 122 -418 
v 371 125 -210 
v -28 83 488 
v 286 168 313 
v -327 311 179 
v 459 188 422 
v -434 101 -329 
v 263 489 297 
v -172 20 288 
v 212 466 -419 
v -2 210 449 
v -248 458 392 
v 190 283 -249 
v -236 236 -140 
v 210 456 84 
v 16 184 453 
v -292 226 479 
v 196 34 -381 
v 366 49 -478 
v -226 57 3 
v -453 160 465 
v -318 453 -76 
v -473 36 72 
v -262 341 148 
v -238 505 506 
v 76 89 -203 
v -128 91 48 
v -77 193 -345 
v 56 401 140 
v 232 372 278 
v -323 42 -263 
v -38 500 355 
v 217 7 119 
v -494 444 464 
v -337 268 220 
v -299 290 -149 
v -343 66 115 
v 452 201 -429 
v -325 505 -135 
v 114 445 -361 
v -287 253 69 
v 338 276 -224 
v 142 244 -63 
v -286 128 350 
v -356 62 -102 
v -156 437 -84 
v -281 18 290 
v 371 445 309 
v 102 172 -122 
v 261 138 -77 
v -191 109 163 
v -284 19 435 
v 412 496 -183 
v -506 237 -31 
v 274 67 499 
v 255 456 203 
v 92 356 374 
v 158 3 -328 
v 174 421 133 
v -202 175 423 
v -343 337 182 
v 68 507 400 
v 314 347 -322 
v 176 31 346 
v -141 339 -117 
v 491 222 -426 
v 169 336 275 
v -233 473 199 
v -193 157 296 
v 322 345 101 
v -299 312 -509 
v 449 18 -250 
v 368 11 426 
v 490 51 -186 
v -63 5 26 
v -479 127 -478 
v 26 437 -443 
v 32 103 -168 
v 207 56 -441 
v 107 65 -222 
v 436 25 284 
v 81 198 -129 
v 396 450 -369 
v 435 247 -326 
v 43 507 170 
v -173 309 469 
v -438 229 226 
v 493 226 -479 
v -122 376 -94 
v -270 339 261 
v -455 400 286 
v 495 109 476 
v 163 313 135 
v -46 452 -15 
n 266 0 285 
n 281 2 295 
n 258 2 302 
n 443 119 369 
n 434 104 365 
n 450 116 353 
n 213 2 273 
n 227 2 220 
n 281 2 217 
n 471 165 365 
n 212 150 487 
n 230 145 487 
n 219 165 494 
n 23 150 285 
n 28 145 302 
n 18 165 295 
n 156 150 43 
n 142 145 54 
n 145 165 42 
n 427 150 95 
n 413 145 85 
n 426 165 85 
n 449 183 411 
n 168 183 487 
n 9 183 244 
n 191 183 18 
n 463 183 121 
n 341 393 457 
n 356 396 448 
n 336 408 448 
n 91 393 399 
n 104 396 411 
n 98 408 391 
n 69 393 143 
n 62 396 159 
n 78 408 147 
n 306 393 43 
n 288 396 42 
n 304 408 54 
n 474 393 238 
n 470 396 220 
n 463 408 239 
n 299 510 239 
n 285 510 220 
n 281 512 238 
n 368 487 240 
n 356 491 217 
n 421 450 217 
n 306 487 154 
n 380 456 151 
n 441 404 154 
n 394 403 95 
n 231 510 217 
n 250 491 149 
n 270 450 87 
n 174 487 177 
n 194 456 106 
n 216 404 49 
n 146 403 75 
n 211 510 268 
n 152 491 229 
n 100 450 191 
n 156 487 309 
n 94 456 269 
n 47 404 230 
n 50 403 305 
n 254 510 302 
n 198 491 346 
n 145 450 385 
n 276 487 368 
n 218 456 414 
n 167 404 447 
n 239 403 467 
n 324 491 339 
n 344 450 401 
n 394 456 341 
n 410 404 400 
n 451 403 338 
n 494 347 217 
n 499 286 177 
n 491 309 166 
n 479 244 127 
n 452 311 98 
n 428 242 65 
n 395 306 45 
n 293 347 18 
n 256 286 0 
n 243 309 4 
n 203 244 4 
n 166 311 21 
n 128 242 33 
n 98 306 58 
n 41 347 147 
n 13 286 177 
n 12 309 191 
n 0 244 229 
n 5 311 269 
n 4 242 309 
n 19 306 345 
n 86 347 427 
n 106 286 463 
n 119 309 467 
n 151 244 491 
n 190 311 499 
n 229 242 512 
n 267 306 509 
n 367 347 470 
n 406 286 463 
n 415 309 452 
n 447 244 428 
n 467 311 394 
n 491 242 361 
n 500 306 323 
n 361 268 21 
n 393 203 45 
n 322 201 13 
n 351 135 49 
n 279 137 28 
n 65 268 84 
n 97 203 60 
n 45 201 118 
n 88 135 102 
n 47 137 164 
n 33 268 385 
n 21 203 346 
n 60 201 414 
n 58 135 368 
n 104 137 427 
n 309 268 508 
n 269 203 508 
n 346 201 491 
n 301 135 479 
n 371 137 454 
n 512 268 283 
n 500 203 321 
n 507 201 243 
n 482 135 282 
n 480 137 207 
n 414 104 121 
n 373 52 151 
n 367 62 127 
n 314 21 166 
n 294 56 98 
n 236 25 144 
n 218 67 85 
n 168 62 111 
n 188 21 173 
n 118 56 171 
n 144 25 240 
n 82 67 239 
n 91 62 295 
n 156 21 295 
n 132 56 361 
n 206 25 358 
n 186 67 417 
n 450 90 218 
n 450 90 294 
n 401 43 256 
n 392 52 335 
n 242 62 425 
n 262 21 363 
n 318 56 406 
t 100 0 
t 112 43 
t 87 43 
t 150 171 
t 162 128 
t 175 171 
t 500 0 
t 512 43 
t 487 43 
t 400 0 
t 412 43 
t 387 43 
t 300 0 
t 312 43 
t 287 43 
t 150 171 
t 175 171 
t 162 213 
t 50 171 
t 75 171 
t 62 213 
t 450 171 
t 475 171 
t 462 213 
t 350 171 
t 375 171 
t 362 213 
t 250 171 
t 275 171 
t 262 213 
t 150 171 
t 162 213 
t 137 213 
t 50 171 
t 62 213 
t 37 213 
t 450 171 
t 462 213 
t 437 213 
t 350 171 
t 362 213 
t 337 213 
t 250 171 
t 262 213 
t 237 213 
t 100 341 
t 125 341 
t 112 384 
t 0 341 
t 25 341 
t 12 384 
t 400 341 
t 425 341 
t 412 384 
t 300 341 
t 325 341 
t 312 384 
t 200 341 
t 225 341 
t 212 384 
t 237 469 
t 262 469 
t 250 512 
t 225 427 
t 250 427 
t 237 469 
t 212 384 
t 237 384 
t 225 427 
t 237 469 
t 250 427 
t 262 469 
t 250 427 
t 275 427 
t 262 469 
t 225 427 
t 237 384 
t 250 427 
t 237 384 
t 262 384 
t 250 427 
t 250 427 
t 262 384 
t 275 427 
t 262 384 
t 287 384 
t 275 427 
t 212 384 
t 225 341 
t 237 384 
t 225 341 
t 250 341 
t 237 384 
t 237 384 
t 250 341 
t 262 384 
t 250 341 
t 275 341 
t 262 384 
t 262 384 
t 275 341 
t 287 384 
t 275 341 
t 300 341 
t 287 384 
t 337 469 
t 362 469 
t 350 512 
t 325 427 
t 350 427 
t 337 469 
t 312 384 
t 337 384 
t 325 427 
t 337 469 
t 350 427 
t 362 469 
t 350 427 
t 375 427 
t 362 469 
t 325 427 
t 337 384 
t 350 427 
t 337 384 
t 362 384 
t 350 427 
t 350 427 
t 362 384 
t 375 427 
t 362 384 
t 387 384 
t 375 427 
t 312 384 
t 325 341 
t 337 384 
t 325 341 
t 350 341 
t 337 384 
t 337 384 
t 350 341 
t 362 384 
t 350 341 
t 375 341 
t 362 384 
t 362 384 
t 375 341 
t 387 384 
t 375 341 
t 400 341 
t 387 384 
t 437 469 
t 462 469 
t 450 512 
t 425 427 
t 450 427 
t 437 469 
t 412 384 
t 437 384 
t 425 427 
t 437 469 
t 450 427 
t 462 469 
