add 5
add 4
add 4
add 5
add 4
add 5
add 5
add 4
order 0 1 2 4 6 7 3 5 
BBvMin[-5.0, -5.0, -5.0]
BBvMax[5.0, 5.0, 5.0]
BBnMin[-0.6659234668504904, -0.6659234668504904, -0.8178506308063588]
BBnMax[0.6659234668504904, 0.6685123582500481, 0.8178506308063588]
BBtMin[0.0, 0.0, 10000]
BBtMax[1.0, 1.0, 0]
q 128
v 216 241 -37 
v 170 73 233 
v 70 166 45 
v 40 91 -21 
v 136 18 171 
v 161 -97 -90 
v -63 135 181 
v 81 92 45 
n 0 0 90 
n 103 25 128 
n 25 103 128 
n 128 128 90 
n 0 128 38 
n 103 103 0 
n 25 25 0 
n 128 0 38 
t 0 128 
t 0 0 
t 128 128 
t 128 128 
t 0 0 
t 128 0 
t 0 0 
t 128 0 
