5
6
6
6
6
6
6
6
6
6
6
6
6
6
6
6
6
6
6
6
6
6
6
6
6
6
6
6
6
6
6
6
6
6
5
6
6
6
5
6
6
6
5
6
6
6
5
6
6
6
5
6
6
6
6
6
6
6
6
6
6
6
6
6
6
6
6
6
6
6
6
6
6
6
6
6
6
6
6
6
6
6
6
6
6
6
6
6
6
6
6
6
6
6
6
6
6
6
6
6
6
6
6
6
6
6
6
6
6
6
6
6
6
6
5
6
6
6
5
6
6
6
5
6
6
6
5
6
6
6
5
6
6
6
6
6
6
6
6
6
6
6
6
6
6
6
6
6
6
6
6
6
6
6
6
6
6
6
6
6
6
5
order 0 1 2 6 7 8 157 158 160 153 151 148 146 143 141 139 155 156 4 161 159 154 152 150 149 147 145 144 142 140 138 137 136 5 3 132 131 11 10 127 126 14 13 122 121 17 16 117 116 20 19 26 135 134 9 22 130 129 12 23 125 124 15 24 120 119 18 25 115 114 21 81 79 133 111 109 107 128 104 102 100 123 97 95 93 118 90 88 86 113 83 82 80 78 112 110 108 106 105 103 101 99 98 96 94 92 91 89 87 85 84 51 50 40 39 77 76 28 27 72 71 31 30 65 64 34 33 58 57 37 36 38 49 47 41 75 74 29 70 68 32 63 61 35 56 54 48 46 45 73 69 67 62 60 55 53 43 42 66 59 52 44
[-1.0;-1.0;-1.0]
[1.0;1.0;1.0]
[-0.993354102953289;-0.9927565945349178;-0.9929888353848099]
[0.9933540990812149;0.9927549842633675;0.9929815139360744]
[0.0;0.0]
[0.9318180084228516;0.4723820090293884]
q 512
v
72 21 53
142 62 85
52 47 -89
-71 46 -51
74 64 20
-42 96 -15
-13 8 297
50 75 119
-57 57 -32
39 87 54
-123 12 -46
-57 114 31
51 33 5
-42 15 -77
-33 32 10
-9 24 -5
-37 105 -82
-66 6 -89
-16 22 23
30 53 19
-86 58 -57
-68 9 -47
25 26 82
-32 3 87
14 119 -19
-17 13 -67
-64 16 116
-61 116 89
72 47 46
-35 43 55
79 91 -94
63 36 40
-113 30 12
-26 6 -74
7 17 -82
-98 116 -35
1 117 -40
-64 22 -127
83 114 -76
-81 97 9
15 121 -53
-113 44 -87
92 34 56
-119 19 80
-79 14 18
3 97 60
61 112 -22
51 54 87
-44 14 67
-45 126 121
44 100 -30
28 100 -119
14 14 -96
-73 89 -115
83 68 -78
76 60 -122
-51 48 25
90 27 36
369 10 10
33 57 87
-63 18 -23
311 34 88
-3 15 10
-20 15 68
-37 125 -20
-57 79 -200
29 30 64
-105 22 -62
-59 121 -79
86 8 -85
41 58 -66
63 37 9
34 19 35
-76 107 -65
115 81 -89
-125 19 -19
-126 65 -107
-15 51 -32
23 63 99
-45 113 78
17 67 -118
5 21 -4
-92 27 31
-59 79 -14
208 17 21
-45 59 65
127 59 -55
55 30 49
-34 84 111
-68 24 73
123 86 -45
-63 109 -52
-53 59 13
43 21 182
-13 46 41
-41 76 85
109 47 25
32 61 48
-84 74 -74
83 118 102
115 23 56
-49 104 -77
-3 99 96
30 40 25
-90 117 0
70 95 16
-23 101 260
-62 35 -56
-42 12 58
13 31 -76
-69 17 -23
-81 36 -31
-95 124 -53
41 109 -76
10 30 87
-3 13 68
-86 27 37
-8 29 367
92 7 45
-31 12 35
81 111 -13
-77 6 -14
36 118 48
20 109 54
46 50 -105
19 99 -12
-5 10 -99
5 32 122
18 71 19
103 72 69
-23 9 -50
-48 31 1
-82 64 -98
39 119 15
35 67 4
14 80 19
35 50 -64
52 27 3
-38 77 44
114 78 -111
2 79 41
89 79 73
-104 75 -111
15 53 -105
-92 8 61
-59 55 68
-38 94 -34
22 27 51
113 8 35
101 37 120
-59 118 53
51 93 72
76 104 -125
-39 87 -8
97 126 4
83 -58 26
93 65 -104
-22 73 -24
-61 4 0
-60 96 -70
243 22 9
18 120 -125
n
266 0 285
281 2 295
258 2 302
443 119 369
434 104 365
450 116 353
213 2 273
227 2 220
281 2 217
471 165 365
212 150 487
230 145 487
219 165 494
23 150 285
28 145 302
18 165 295
156 150 43
142 145 54
145 165 42
427 150 95
413 145 85
426 165 85
449 183 411
168 183 487
9 183 244
191 183 18
463 183 121
341 393 457
356 396 448
336 408 448
91 393 399
104 396 411
98 408 391
69 393 143
62 396 159
78 408 147
306 393 43
288 396 42
304 408 54
474 393 238
470 396 220
463 408 239
299 510 239
285 510 220
281 512 238
368 487 240
356 491 217
421 450 217
306 487 154
380 456 151
441 404 154
394 403 95
231 510 217
250 491 149
270 450 87
174 487 177
194 456 106
216 404 49
146 403 75
211 510 268
152 491 229
100 450 191
156 487 309
94 456 269
47 404 230
50 403 305
254 510 302
198 491 346
145 450 385
276 487 368
218 456 414
167 404 447
239 403 467
324 491 339
344 450 401
394 456 341
410 404 400
451 403 338
494 347 217
499 286 177
491 309 166
479 244 127
452 311 98
428 242 65
395 306 45
293 347 18
256 286 0
243 309 4
203 244 4
166 311 21
128 242 33
98 306 58
41 347 147
13 286 177
12 309 191
0 244 229
5 311 269
4 242 309
19 306 345
86 347 427
106 286 463
119 309 467
151 244 491
190 311 499
229 242 512
267 306 509
367 347 470
406 286 463
415 309 452
447 244 428
467 311 394
491 242 361
500 306 323
361 268 21
393 203 45
322 201 13
351 135 49
279 137 28
65 268 84
97 203 60
45 201 118
88 135 102
47 137 164
33 268 385
21 203 346
60 201 414
58 135 368
104 137 427
309 268 508
269 203 508
346 201 491
301 135 479
371 137 454
512 268 283
500 203 321
507 201 243
482 135 282
480 137 207
414 104 121
373 52 151
367 62 127
314 21 166
294 56 98
236 25 144
218 67 85
168 62 111
188 21 173
118 56 171
144 25 240
82 67 239
91 62 295
156 21 295
132 56 361
206 25 358
186 67 417
450 90 218
450 90 294
401 43 256
392 52 335
242 62 425
262 21 363
318 56 406
t
100 0
112 43
87 43
150 171
162 128
175 171
500 0
512 43
487 43
400 0
412 43
387 43
300 0
312 43
287 43
150 171
175 171
162 213
50 171
75 171
62 213
450 171
475 171
462 213
350 171
375 171
362 213
250 171
275 171
262 213
150 171
162 213
137 213
50 171
62 213
37 213
450 171
462 213
437 213
350 171
362 213
337 213
250 171
262 213
237 213
100 341
125 341
112 384
0 341
25 341
12 384
400 341
425 341
412 384
300 341
325 341
312 384
200 341
225 341
212 384
237 469
262 469
250 512
225 427
250 427
237 469
212 384
237 384
225 427
237 469
250 427
262 469
250 427
275 427
262 469
225 427
237 384
250 427
237 384
262 384
250 427
250 427
262 384
275 427
262 384
287 384
275 427
212 384
225 341
237 384
225 341
250 341
237 384
237 384
250 341
262 384
250 341
275 341
262 384
262 384
275 341
287 384
275 341
300 341
287 384
337 469
362 469
350 512
325 427
350 427
337 469
312 384
337 384
325 427
337 469
350 427
362 469
350 427
375 427
362 469
325 427
337 384
350 427
337 384
362 384
350 427
350 427
362 384
375 427
362 384
387 384
375 427
312 384
325 341
337 384
325 341
350 341
337 384
337 384
350 341
362 384
350 341
375 341
362 384
362 384
375 341
387 384
375 341
400 341
387 384
437 469
462 469
450 512
425 427
450 427
437 469
412 384
437 384
425 427
437 469
450 427
462 469