add 6
add 6
add 6
add 5
add 6
add 6
add 5
add 6
add 6
add 5
add 6
add 6
add 6
add 6
add 5
add 6
add 6
add 6
add 5
add 6
add 6
add 6
add 5
add 6
add 5
add 6
add 6
add 6
add 5
add 6
add 6
add 6
add 5
add 6
add 6
add 6
add 6
add 5
add 6
add 5
add 6
add 5
order 17 16 23 32 36 24 15 6 5 12 14 33 34 37 35 20 19 7 0 2 13 22 29 31 41 40 39 25 18 4 1 10 9 11 30 28 27 38 8 3 21 26 
v 64 0 64 
v 93 10 84 
v 53 10 96 
v 113 35 98 
v 121 30 64 
v 29 10 64 
v 53 10 32 
v 93 10 44 
v 128 64 84 
v 45 35 118 
v 82 30 116 
v 64 64 128 
v 4 35 64 
v 18 30 96 
v 0 64 84 
v 45 35 10 
v 18 30 32 
v 24 64 12 
v 113 35 30 
v 82 30 12 
v 104 64 12 
v 104 64 116 
v 24 64 116 
v 0 64 44 
v 64 64 0 
v 128 64 44 
v 83 93 118 
v 110 98 96 
v 75 118 96 
v 15 93 98 
v 46 98 116 
v 35 118 84 
v 15 93 30 
v 7 98 64 
v 35 118 44 
v 83 93 10 
v 46 98 12 
v 75 118 32 
v 124 93 64 
v 110 98 32 
v 99 118 64 
v 64 128 64 
n 68 0 73 
n 86 6 84 
n 61 6 92 
n 113 29 91 
n 119 26 71 
n 36 6 69 
n 51 6 39 
n 86 6 44 
n 128 56 83 
n 55 38 122 
n 77 34 120 
n 66 56 128 
n 5 38 73 
n 14 34 92 
n 3 56 84 
n 38 38 11 
n 22 34 25 
n 26 56 13 
n 108 38 22 
n 90 34 12 
n 103 56 12 
n 110 61 111 
n 33 61 120 
n 0 61 51 
n 57 61 0 
n 125 61 37 
n 88 99 113 
n 104 102 100 
n 82 115 100 
n 24 99 100 
n 42 102 111 
n 35 115 91 
n 17 99 37 
n 12 102 57 
n 30 115 45 
n 77 99 11 
n 55 102 13 
n 73 115 25 
n 120 99 58 
n 112 102 39 
n 106 115 59 
n 73 128 58 
