add 5
add 5
add 5
add 5
add 5
add 5
add 5
add 5
add 5
add 5
add 5
add 5
order 0 1 2 3 4 5 10 6 7 8 9 11 
BBvMin[-0.894425, -1.0, -0.85064]
BBvMax[0.894425, 1.0, 0.85064]
BBnMin[-0.8944282458667174, -0.9999999999996384, -0.850653290580484]
BBnMax[0.8944282458667173, 0.9999999999996384, 0.850653290580484]
q 1024
v 512 0 512 
v 926 283 828 
v 354 283 1024 
v 60 283 -196 
v 196 283 0 
v 60 283 196 
v -474 458 -512 
v -354 0 -120 
v 98 458 -708 
v 670 458 -120 
v 316 458 632 
v -1084 283 196 
n 512 0 512 
n 926 283 828 
n 354 283 1024 
n 0 283 512 
n 354 283 0 
n 926 283 196 
n 670 741 1024 
n 98 741 828 
n 98 741 196 
n 670 741 0 
n 1024 741 512 
n 512 1024 512 
